30.0 NaN
30.0546875 NaN
30.109375 NaN
30.1640625 NaN
30.21875 NaN
30.2734375 NaN
30.328125 NaN
30.3828125 NaN
30.4375 NaN
30.4921875 NaN
30.546875 NaN
30.6015625 NaN
30.65625 NaN
30.7109375 NaN
30.765625 NaN
30.8203125 NaN
30.875 NaN
30.9296875 NaN
30.984375 NaN
31.0390625 NaN
31.09375 NaN
31.1484375 NaN
31.203125 NaN
31.2578125 NaN
31.3125 NaN
31.3671875 NaN
31.421875 NaN
31.4765625 NaN
31.53125 NaN
31.5859375 NaN
31.640625 NaN
31.6953125 NaN
31.75 NaN
31.8046875 NaN
31.859375 NaN
31.9140625 NaN
31.96875 NaN
32.0234375 NaN
32.078125 NaN
32.1328125 NaN
32.1875 NaN
32.2421875 NaN
32.296875 NaN
32.3515625 NaN
32.40625 NaN
32.4609375 NaN
32.515625 NaN
32.5703125 NaN
32.625 NaN
32.6796875 NaN
32.734375 NaN
32.7890625 NaN
32.84375 NaN
32.8984375 NaN
32.953125 NaN
33.0078125 NaN
33.0625 NaN
33.1171875 NaN
33.171875 NaN
33.2265625 NaN
33.28125 NaN
33.3359375 NaN
33.390625 NaN
33.4453125 NaN
33.5 NaN
33.5546875 NaN
33.609375 NaN
33.6640625 NaN
33.71875 NaN
33.7734375 NaN
33.828125 NaN
33.8828125 NaN
33.9375 NaN
33.9921875 NaN
34.046875 NaN
34.1015625 NaN
34.15625 NaN
34.2109375 NaN
34.265625 NaN
34.3203125 NaN
34.375 NaN
34.4296875 NaN
34.484375 NaN
34.5390625 NaN
34.59375 NaN
34.6484375 NaN
34.703125 NaN
34.7578125 NaN
34.8125 NaN
34.8671875 NaN
34.921875 NaN
34.9765625 NaN
35.03125 NaN
35.0859375 NaN
35.140625 NaN
35.1953125 NaN
35.25 NaN
35.3046875 NaN
35.359375 NaN
35.4140625 NaN
35.46875 NaN
35.5234375 NaN
35.578125 NaN
35.6328125 NaN
35.6875 NaN
35.7421875 NaN
35.796875 NaN
35.8515625 NaN
35.90625 NaN
35.9609375 NaN
36.015625 NaN
36.0703125 NaN
36.125 NaN
36.1796875 NaN
36.234375 NaN
36.2890625 NaN
36.34375 NaN
36.3984375 NaN
36.453125 NaN
36.5078125 NaN
36.5625 NaN
36.6171875 NaN
36.671875 NaN
36.7265625 NaN
36.78125 NaN
36.8359375 NaN
36.890625 NaN
36.9453125 NaN
37.0 NaN
